0.051789
0.050251
0.049417
0.048253
0.047474
0.046999
0.046869
0.045900
0.045328
0.044429
0.042938
0.040867
0.038407
0.035499
0.033199
0.031185
0.029860
0.028219
0.027078
0.025786
0.024134
0.022808
0.021316
0.019810
0.018459
0.016638
0.014261
0.012753
0.011525
0.009028
0.007623
0.005870
0.005414
0.006139
0.007382
0.007894
0.009768
0.010476
0.010833
0.012178
0.014359
0.017517
0.021673
0.024308
0.026210
0.028862
0.032623
0.033258
0.033315
0.036816
0.036992
0.037921
0.040280
0.041014
0.039778
0.045209
0.047837
0.050239
0.053038
0.060669
0.068843
0.072298
0.074374
0.075516
0.082883
0.089060
0.075902
0.083967
0.088144
0.083971
0.086755
0.081097
0.075744
0.080410
0.083471
0.082708
0.073887
0.096384
0.100649
0.084143
0.091688
0.085504
0.089813
0.085329
0.083426
0.080913
0.095399
0.098904
0.082121
0.070006
0.058132
0.048713
0.045330
0.027854
0.032917
0.044109
0.038194
0.015739
0.006988
0.011568
0.035289
0.019311
0.039224
0.041900
0.054002
0.052451
0.009912
0.014959
0.006976
-0.020190
0.002979
0.006948
-0.013390
0.012367
-0.002102
-0.026689
-0.020786
-0.049539
-0.022254
0.011544
0.005925
0.037455
0.013626
-0.002304
-0.032231
-0.106897
-0.065989
-0.046360
-0.045145
-0.014395
-0.027369
-0.061391
-0.066380
-0.065875
-0.067876
-0.058119
-0.027618
-0.028162
-0.008159
-0.036637
-0.068551
-0.021983
-0.074600
-0.070086
-0.026493
-0.001379
0.006446
0.006706
-0.057227
-0.035093
-0.111086
-0.102558
-0.062141
-0.110643
-0.065857
-0.043704
-0.068569
-0.044048
-0.119085
-0.042182
-0.041062
-0.058650
-0.018539
-0.019141
-0.019673
0.001974
-0.091148
-0.032541
-0.065926
-0.040477
-0.069441
-0.121500
-0.024360
-0.055655
-0.068084
-0.028283
-0.110226
-0.074615
-0.077042
-0.073451
-0.091741
-0.105405
-0.093451
-0.110665
-0.151939
-0.084274
-0.136527
-0.100703
-0.091563
-0.117145
-0.075259
-0.135419
-0.104585
-0.101087
-0.072751
-0.080910
-0.138186
-0.075057
-0.061483
-0.110343
-0.070398
-0.119960
-0.047507
-0.098852
-0.102542
-0.123337
-0.092041
-0.078801
-0.053796
-0.135759
-0.070558
-0.094559
-0.077526
0.033566
-0.042447
0.015865
0.037506
0.028396
-0.015748
0.016063
-0.009293
0.024457
-0.012249
-0.074181
-0.013397
-0.001576
-0.049525
-0.007126
-0.004909
0.000518
0.019077
0.038440
0.049363
0.031219
0.004432
0.034821
0.064439
0.005151
0.131045
-0.024456
0.028157
-0.030691
-0.030752
-0.091758
0.006708
-0.051733
-0.017100
-0.130996
-0.018322
-0.119505
-0.040490
-0.123850
-0.153635
0.008411
0.012904
-0.031860
0.090717
0.044621
-0.016666
-0.032237
-0.077481
-0.122719
-0.105722
-0.026434
-0.078406
-0.129232
-0.069359
-0.148151
-0.166072
-0.144311
-0.162113
-0.102344
-0.032425
-0.106154
-0.101976
-0.075082
-0.041653
-0.040683
-0.059725
-0.072226
-0.051208
-0.014221
-0.092759
-0.149699
-0.042968
-0.106678
-0.118894
-0.106717
-0.082304
-0.088202
-0.005404
0.038272
-0.000242
-0.057661
0.024317
0.027070
-0.014229
0.063816
0.022508
0.037403
0.093909
0.007953
-0.032646
0.075718
0.060811
0.087854
0.049038
0.119896
0.041740
0.125234
0.036162
-0.002931
0.051484
0.120795
-0.002997
0.091219
0.082680
0.097203
0.145998
0.079123
0.042198
0.129975
0.091212
0.068625
-0.003958
-0.001909
-0.082056
-0.019630
-0.039401
-0.117033
0.020065
0.023704
-0.022205
-0.038762
-0.056379
-0.032869
-0.063203
-0.133157
-0.099856
-0.069769
0.039217
-0.051787
-0.079664
-0.024161
-0.055419
-0.067224
-0.121640
-0.136691
-0.102682
-0.121205
-0.131000
-0.206205
-0.165418
-0.143765
-0.137768
-0.109094
-0.107681
-0.103777
-0.069770
-0.089383
-0.129314
-0.157643
-0.080750
-0.072777
-0.077703
-0.021251
-0.053754
-0.068345
-0.030844
-0.069754
-0.018382
-0.019935
0.003427
0.088731
0.040655
0.084146
0.004527
0.018877
0.015035
0.015668
0.086987
0.086185
0.068984
0.108847
0.039401
0.122716
0.064684
0.033635
0.091014
0.098945
0.154336
0.145667
0.148462
0.151346
0.125685
0.109386
0.071926
0.118998
0.139677
0.117516
0.167849
0.153072
0.187137
0.187377
0.155196
0.114850
0.125655
0.112999
0.078543
0.056792
0.085574
0.005585
0.023489
0.106411
0.009769
0.016852
0.023073
0.050919
0.087010
0.021087
0.064683
0.041893
0.052768
0.054134
-0.000169
0.042704
0.060029
-0.051315
0.002227
-0.017433
0.014652
0.025545
0.068781
0.078159
0.078753
0.104223
0.071704
0.034539
0.055823
-0.019555
0.078603
0.042395
0.055526
0.064829
0.053342
0.167486
0.029411
0.039777
0.124361
0.013429
0.115255
0.019686
-0.008327
0.111344
0.019638
-0.062687
-0.019995
-0.009474
0.072266
0.045621
0.064892
0.021811
0.080971
0.148775
0.119179
0.113100
0.205699
0.139450
0.110584
0.054770
0.065326
0.016639
0.023977
-0.026020
-0.105478
-0.026589
-0.054117
-0.006150
0.060586
-0.087667
-0.000224
0.055682
-0.021029
-0.038458
0.044293
-0.036574
-0.049478
0.039002
0.013526
0.023878
0.078651
-0.026696
-0.048832
-0.027957
-0.064474
-0.081506
0.020507
-0.051046
-0.112850
-0.082807
-0.031336
-0.039549
-0.020173
0.001672
-0.033056
0.018975
0.061265
0.124773
0.150345
0.131754
0.127081
0.139802
0.084801
0.018861
0.048002
0.086052
0.073815
0.033905
0.089287
0.189421
0.118897
0.192230
0.188643
0.149466
0.209416
0.275611
0.161000
0.183567
0.215362
0.178479
0.143540
0.174026
0.064762
0.057203
0.118975
0.109399
0.064627
0.034403
0.003744
0.003180
0.000092
0.001639
0.061328
0.051104
0.084819
0.092318
0.066063
0.037247
0.030363
0.058891
0.074593
0.043897
0.053044
0.092903
-0.029786
-0.035877
-0.011993
-0.033912
-0.031638
0.017332
-0.002911
0.044185
0.039545
0.165444
0.078863
0.143826
0.204097
0.188311
0.095777
0.165149
0.124807
0.034831
-0.034819
-0.028872
-0.025378
0.028126
0.062494
-0.041912
-0.022657
0.052823
-0.005596
-0.126561
0.108667
-0.027173
-0.033236
0.085587
0.022975
-0.007044
-0.007055
-0.051982
0.014958
-0.109720
-0.090551
-0.068211
-0.237453
-0.171265
-0.089162
-0.157378
-0.030381
-0.090411
-0.117391
-0.147999
-0.170399
-0.105458
-0.086793
-0.083847
-0.020856
-0.021380
0.150213
0.089514
0.177885
0.252180
0.102332
0.201009
0.230062
0.220402
0.337909
0.318896
0.251801
0.111138
0.046079
0.045084
-0.053555
0.106861
0.084585
0.035545
-0.013761
-0.045267
-0.041880
-0.070036
-0.010474
0.145633
0.146340
0.057740
-0.053977
-0.102604
-0.088051
-0.092835
-0.043881
-0.035723
-0.012171
0.077616
0.125581
0.069192
-0.055595
-0.001059
-0.207395
-0.369085
-0.437471
-0.359987
-0.371508
-0.359144
-0.419889
-0.449063
-0.224340
0.014661
0.091022
0.178316
0.262909
0.094673
-0.066892
-0.299314
-0.447534
-0.339132
-0.343941
-0.387129
-0.359098
-0.203139
-0.165720
-0.176177
-0.058213
-0.027023
-0.088749
-0.049424
-0.198311
-0.399512
-0.232103
-0.239940
-0.366330
-0.410127
-0.294240
-0.286498
-0.189611
-0.005821
0.097626
0.191001
0.394092
0.512107
0.437623
0.459329
0.188584
-0.073818
-0.397157
-0.535395
-0.163784
0.193599
0.143448
0.072692
0.029020
0.053867
0.026754
0.009618
0.068356
0.114868
0.064203
0.180343
0.190427
0.184453
0.037396
-0.233164
-0.545146
-0.974716
-0.685036
-0.517640
-0.728265
-0.738921
-0.917518
-1.056935
-1.150060
-1.226989
-1.068077
-0.883771
-1.019324
-1.046675
-0.940754
-0.623177
-0.441880
-0.013473
0.238282
0.115645
0.081508
-0.033598
-0.060508
0.059528
0.478951
0.687917
0.792209
0.587643
0.254672
0.423643
0.195024
-0.161372
-0.247932
0.161777
0.449780
0.329537
-0.292125
-0.246215
-0.569952
-0.330333
0.282763
-0.083403
-0.653896
-0.633503
-0.496661
-0.136447
0.116362
0.258006
0.221616
-0.146551
-0.398836
-0.129217
0.204572
0.110848
0.081176
0.312781
0.426624
0.571457
0.747780
0.394539
-0.052120
-0.009626
0.384953
0.329173
0.175483
0.169729
0.283788
0.230880
-0.023753
0.225109
0.633147
0.401637
0.264039
0.311070
0.495318
0.498925
0.560854
0.690063
0.893982
1.184998
1.213324
1.129278
0.795035
0.310009
0.077377
-0.090776
-0.258917
-0.176110
0.040452
0.260942
0.278601
0.258838
0.368973
0.354124
0.164361
-0.035175
-0.126824
-0.198451
-0.287751
-0.426114
-0.544591
-0.462620
-0.314893
-0.335816
-0.481886
-0.603881
-0.657744
-0.608933
-0.603259
-0.537583
-0.225956
-0.056457
-0.166089
-0.067038
0.157465
0.234734
0.292640
0.246065
0.253064
0.224597
0.190465
0.116885
-0.043925
-0.145227
-0.185449
0.006724
0.084606
0.096833
0.218889
0.345988
0.290488
0.235520
0.363561
0.531505
0.441050
0.210087
-0.025541
-0.165543
-0.180515
-0.276204
-0.320861
-0.262025
-0.188798
-0.195078
-0.158938
-0.090362
-0.005756
0.089418
0.107895
0.145133
0.256820
0.418499
0.522225
0.416919
0.358222
0.506530
0.588225
0.630627
0.385415
0.189389
0.089732
0.048110
-0.119591
-0.255896
-0.124900
-0.238638
-0.415463
-0.494954
-0.460370
-0.393724
-0.379204
-0.231545
-0.051275
-0.024850
-0.007514
0.043353
-0.065504
-0.141006
-0.052589
0.004584
0.027614
-0.052154
-0.053737
-0.057282
-0.051548
0.061431
0.109378
0.140715
0.284607
0.331067
0.397806
0.449079
0.472540
0.464430
0.393200
0.490718
0.458691
0.407045
0.350297
0.204603
0.127439
0.019077
-0.082419
-0.091709
-0.099166
-0.059245
-0.069458
-0.100358
-0.030480
0.093269
0.143768
0.123985
0.140276
0.165997
0.237396
0.198914
0.151664
0.118414
0.044695
-0.124025
-0.287473
-0.290792
-0.351247
-0.447619
-0.466565
-0.448458
-0.349707
-0.227949
-0.193372
-0.076137
-0.029258
-0.053131
-0.043368
-0.023348
-0.039967
-0.053464
-0.071385
-0.052851
-0.075750
-0.127633
-0.084790
-0.034646
-0.099770
-0.095652
0.039683
0.131405
0.234927
0.300193
0.330265
0.326092
0.253043
0.173754
0.073694
-0.040629
-0.123102
-0.176263
-0.161580
-0.140306
-0.131301
-0.080908
-0.129155
-0.280605
-0.456037
-0.652153
-0.682204
-0.608363
-0.503729
-0.465418
-0.442836
-0.325428
-0.101237
-0.011955
0.029570
0.067927
0.099905
0.017635
-0.134142
-0.220580
-0.323907
-0.415921
-0.327043
-0.173322
-0.131497
0.065760
0.229562
0.251585
0.249138
0.284550
0.394908
0.433892
0.412724
0.382308
0.404643
0.449654
0.421558
0.295300
0.076984
-0.075289
-0.110249
-0.045046
-0.031475
-0.021082
-0.040362
-0.051796
-0.136014
-0.210214
-0.105428
-0.047450
-0.102472
-0.163514
-0.193113
-0.116123
-0.042246
-0.014433
-0.038711
-0.040393
-0.113705
-0.321013
-0.436328
-0.467540
-0.521219
-0.450136
-0.286125
-0.060924
0.144811
0.306831
0.393887
0.400634
0.306874
0.217656
0.048640
-0.111687
-0.181444
-0.140828
0.008944
0.040739
0.084944
0.175281
0.173092
0.098972
0.145483
0.123668
0.031111
-0.086193
-0.247518
-0.231395
-0.139454
-0.061634
0.072664
0.188146
0.195697
0.203523
0.254707
0.267250
0.235806
0.172202
0.063068
-0.124846
-0.276303
-0.281975
-0.230696
-0.168308
-0.085874
0.028848
0.190756
0.403325
0.484284
0.549909
0.613633
0.641149
0.538470
0.439702
0.332891
0.152902
-0.047297
-0.179394
-0.206426
-0.176754
-0.082123
0.108453
0.221435
0.207105
0.202137
0.180076
0.103113
-0.016799
-0.138284
-0.235825
-0.150797
0.109812
0.229089
0.266398
0.348469
0.481625
0.515078
0.448932
0.389734
0.319826
0.244785
0.124183
0.008639
-0.042691
0.004166
-0.013029
-0.092500
-0.179772
-0.222531
-0.085020
-0.000800
0.003132
0.001932
0.034568
0.078446
0.031633
-0.004749
-0.041482
-0.150477
-0.266532
-0.273116
-0.222887
-0.201534
-0.061101
0.015401
0.023977
0.078308
0.144446
0.193962
0.070404
-0.062831
-0.159595
-0.188782
-0.177233
-0.099282
-0.013017
-0.035952
-0.046859
-0.066392
-0.084252
-0.124016
-0.219314
-0.337376
-0.465736
-0.555716
-0.564123
-0.574347
-0.512060
-0.409348
-0.382463
-0.306124
-0.186511
-0.132044
-0.205709
-0.247579
-0.304824
-0.427909
-0.406843
-0.303034
-0.291791
-0.315359
-0.211573
-0.129237
-0.066370
0.036580
0.164008
0.261107
0.248865
0.281335
0.293886
0.205682
0.062563
-0.065445
-0.026394
-0.020418
0.007911
0.054229
0.095573
0.170381
0.196041
0.191335
0.235699
0.244225
0.220944
0.192220
0.117140
0.078556
0.011846
-0.011999
-0.000939
0.038198
0.124387
0.348729
0.468206
0.479576
0.454955
0.469928
0.479345
0.436976
0.368508
0.266737
0.179739
0.108447
0.008573
-0.060840
-0.065721
0.029348
0.144983
0.209361
0.281669
0.318391
0.252903
0.116964
0.012188
-0.062054
-0.021331
-0.010243
-0.068460
-0.134156
-0.098622
-0.069471
-0.071974
-0.048598
-0.017575
-0.048377
-0.086831
-0.114049
-0.184916
-0.243363
-0.281940
-0.420297
-0.470775
-0.500377
-0.477188
-0.388667
-0.322366
-0.278879
-0.196986
-0.140844
-0.105513
-0.056813
-0.013491
0.011141
-0.047670
-0.101975
-0.104625
-0.142573
-0.188563
-0.120501
-0.044805
0.007078
0.050264
0.118453
0.186597
0.274677
0.304886
0.322322
0.250855
0.199371
0.212589
0.211628
0.165094
0.130473
0.089771
0.055247
0.065946
0.103268
0.164081
0.173027
0.103097
0.014807
0.015549
0.056105
0.073730
0.035900
-0.056300
-0.108755
-0.147458
-0.177466
-0.225005
-0.226619
-0.160176
-0.063514
-0.049987
-0.079884
-0.112228
-0.147675
-0.192457
-0.265122
-0.278532
-0.267873
-0.253129
-0.283763
-0.343190
-0.338120
-0.307972
-0.330381
-0.353376
-0.380762
-0.370096
-0.316599
-0.205949
-0.096495
-0.074074
-0.095399
-0.061373
-0.026600
-0.012257
-0.033173
-0.073779
-0.051519
-0.018354
0.017850
0.051727
0.062443
0.057483
0.046973
0.044841
0.061499
0.085214
0.093955
0.049320
-0.032432
-0.060876
-0.040926
0.022010
0.056995
0.048023
0.022082
0.045519
0.101351
0.075187
0.017911
-0.016970
-0.012590
0.022153
0.064336
0.078970
0.031566
-0.013922
-0.064469
-0.186235
-0.173837
-0.137764
-0.138860
-0.132167
-0.151393
-0.151224
-0.090312
-0.129188
-0.195204
-0.198845
-0.165288
-0.140717
-0.158824
-0.156375
-0.128151
-0.120067
-0.070492
0.002862
0.065226
0.132716
0.182252
0.194200
0.165802
0.142148
0.136102
0.118686
0.108672
0.125943
0.115494
0.101197
0.032270
-0.075631
-0.116190
-0.120713
-0.091123
-0.040902
0.047273
0.127833
0.166564
0.170679
0.181652
0.146426
0.097249
0.125080
0.150058
0.118270
0.130843
0.172667
0.180040
0.163297
0.155777
0.180511
0.202215
0.162084
0.111594
0.051720
-0.049442
-0.139769
-0.194449
-0.145239
-0.037297
0.050708
0.079159
0.053539
0.000656
-0.034110
-0.121108
-0.163896
-0.093410
-0.057337
-0.052676
-0.122246
-0.186713
-0.245417
-0.289575
-0.364203
-0.389863
-0.368322
-0.314442
-0.271292
-0.240062
-0.176493
-0.097455
-0.013167
0.061494
0.074468
0.096546
0.178977
0.222778
0.202844
0.167900
0.161930
0.179784
0.217109
0.252710
0.227521
0.198654
0.237314
0.199795
0.144915
0.191409
0.236273
0.321251
0.372443
0.392283
0.375485
0.364952
0.377135
0.417744
0.438472
0.487652
0.525858
0.515831
0.479542
0.455160
0.450853
0.398241
0.389935
0.405979
0.380315
0.309215
0.260353
0.213893
0.163689
0.126698
0.102060
0.113632
0.139939
0.166033
0.184501
0.170957
0.132287
0.069552
0.005493
-0.082770
-0.158433
-0.225787
-0.265112
-0.318769
-0.365938
-0.382657
-0.358854
-0.259073
-0.139209
-0.006859
0.058504
0.061862
0.029471
-0.017248
-0.116217
-0.195845
-0.231559
-0.267605
-0.323483
-0.332306
-0.274179
-0.213500
-0.201047
-0.193268
-0.167830
-0.158343
-0.135648
-0.091915
-0.063876
-0.054439
-0.003448
0.050054
0.123651
0.182984
0.191915
0.171789
0.156470
0.135041
0.104604
0.116534
0.070611
0.032288
-0.004770
-0.027140
-0.024022
-0.006920
-0.003307
-0.017632
-0.030483
0.038521
0.109679
0.159263
0.166346
0.115810
0.095941
0.105800
0.089907
0.087129
0.071348
0.050364
-0.015773
-0.071579
-0.086402
-0.095076
-0.086371
-0.098159
-0.103504
-0.053500
-0.020857
-0.065566
-0.133043
-0.173340
-0.173146
-0.139131
-0.077817
-0.022050
-0.043818
-0.088071
-0.099878
-0.118463
-0.124724
-0.133405
-0.203011
-0.267602
-0.280060
-0.253855
-0.224485
-0.227930
-0.205913
-0.140422
-0.050202
-0.004020
0.025085
0.059761
0.091686
0.066371
0.033008
0.023584
0.034393
0.041893
-0.005700
-0.045927
-0.093390
-0.114858
-0.049266
0.011065
0.037778
0.031271
0.050469
0.017032
-0.118298
-0.156306
-0.149050
-0.173053
-0.100770
-0.028415
-0.005989
0.025402
0.054616
0.001153
-0.076426
-0.086074
-0.056992
-0.053328
-0.036126
-0.007855
0.011012
0.053585
0.066165
0.078149
0.066681
0.084746
0.102762
0.122901
0.144159
0.118679
0.098727
0.091551
0.067234
0.060772
0.057145
-0.004542
-0.056559
-0.064728
-0.072750
-0.033739
0.029797
0.064733
0.102935
0.133251
0.139492
0.124348
0.146157
0.174913
0.178261
0.164683
0.140492
0.112281
0.078205
0.006193
-0.078299
-0.141199
-0.177049
-0.176280
-0.176253
-0.180360
-0.138841
-0.102450
-0.052239
-0.006709
0.005858
0.032209
0.072425
0.104868
0.070927
0.013259
-0.021036
-0.072558
-0.133126
-0.172865
-0.188508
-0.157662
-0.135071
-0.121159
-0.108626
-0.080851
-0.041521
-0.053112
-0.074964
-0.065075
-0.066089
-0.040418
0.005627
0.036083
0.045536
0.047939
0.044617
0.024255
-0.035011
-0.044570
-0.025112
-0.054845
-0.119360
-0.134821
-0.139882
-0.172962
-0.188535
-0.186232
-0.175540
-0.136534
-0.051106
0.016560
0.066558
0.110622
0.122813
0.105824
0.062115
0.033948
0.043723
0.019468
-0.039742
-0.078952
-0.067692
-0.058402
-0.036072
0.017865
0.087539
0.141696
0.175379
0.180429
0.162572
0.115440
0.043371
0.009995
-0.013763
-0.062164
-0.097667
-0.087201
-0.054829
-0.031877
-0.027523
-0.035313
-0.031397
-0.022426
-0.062134
-0.076008
-0.070432
-0.055773
-0.029547
0.005688
0.064823
0.118670
0.160669
0.193956
0.201819
0.218559
0.225917
0.225808
0.186692
0.141819
0.127590
0.116347
0.101130
0.062391
0.035233
0.018637
-0.008008
-0.030015
-0.014861
0.018358
0.028218
0.018945
0.004960
-0.019714
-0.041608
-0.065417
-0.109866
-0.130300
-0.142768
-0.139527
-0.141933
-0.142588
-0.155302
-0.170281
-0.182827
-0.193218
-0.206235
-0.202847
-0.181778
-0.164944
-0.146784
-0.127675
-0.100086
-0.050368
-0.005004
0.017239
0.038580
0.076726
0.113891
0.141339
0.138620
0.146656
0.160689
0.178503
0.188034
0.210838
0.231479
0.262261
0.252783
0.205531
0.140177
0.124098
0.137864
0.143316
0.143940
0.147971
0.168213
0.203894
0.269054
0.303269
0.270418
0.257216
0.248654
0.218244
0.193858
0.184603
0.180157
0.165116
0.160801
0.150923
0.136403
0.120258
0.082700
0.006751
-0.056201
-0.092780
-0.086082
-0.091123
-0.120925
-0.155695
-0.166623
-0.181413
-0.195807
-0.205528
-0.231548
-0.241558
-0.255335
-0.268970
-0.288607
-0.286716
-0.261030
-0.248633
-0.246101
-0.228930
-0.223983
-0.221862
-0.213234
-0.244804
-0.267286
-0.266056
-0.256439
-0.253817
-0.254159
-0.246380
-0.212983
-0.194872
-0.171984
-0.121266
-0.057774
-0.012576
0.026839
0.084171
0.112694
0.101529
0.122068
0.162869
0.200864
0.244092
0.247577
0.249303
0.260629
0.237733
0.199230
0.173154
0.164482
0.132390
0.095069
0.074241
0.054443
0.048380
0.036810
0.007980
0.010633
0.045430
0.060876
0.066340
0.055381
0.059948
0.076953
0.085404
0.080307
0.065034
0.042028
0.028245
-0.023776
-0.091927
-0.148665
-0.205323
-0.242692
-0.260631
-0.275101
-0.242186
-0.198494
-0.161861
-0.126642
-0.100659
-0.054733
-0.023896
-0.042230
-0.067731
-0.072609
-0.090947
-0.121384
-0.133236
-0.121438
-0.077289
-0.057152
-0.077421
-0.087085
-0.089623
-0.085639
-0.077691
-0.084190
-0.079827
-0.033760
-0.001847
-0.019705
-0.018355
-0.003624
-0.005889
-0.032978
-0.051128
-0.067613
-0.082220
-0.090623
-0.088822
-0.091707
-0.064350
-0.017146
-0.003663
-0.015735
-0.004090
0.025652
0.041723
0.043124
0.065049
0.080546
0.090906
0.090647
0.068668
0.028940
-0.013092
-0.036495
-0.065723
-0.086360
-0.092032
-0.080595
-0.089756
-0.119272
-0.144767
-0.135171
-0.115164
-0.107862
-0.086960
-0.056805
-0.039431
-0.014143
0.001827
-0.019290
-0.041562
-0.060400
-0.075897
-0.101074
-0.123151
-0.127421
-0.118643
-0.132103
-0.152306
-0.145349
-0.104331
-0.079564
-0.052271
-0.014909
0.012499
0.059905
0.089638
0.087505
0.085570
0.078599
0.073115
0.046682
0.020981
0.023224
0.044352
0.051448
0.061402
0.077722
0.064760
0.045576
0.014355
-0.007592
-0.024948
-0.041771
-0.045461
-0.007594
0.030578
0.067602
0.103926
0.111567
0.122678
0.152265
0.167985
0.159378
0.133994
0.091159
0.049358
0.019871
-0.008283
-0.021485
-0.012200
0.012769
0.041079
0.042860
0.051038
0.077283
0.075630
0.060319
0.057197
0.067586
0.081231
0.105908
0.107168
0.106022
0.144787
0.167751
0.173427
0.181772
0.202618
0.239715
0.273250
0.295268
0.277451
0.241880
0.212071
0.193577
0.174846
0.158045
0.154946
0.159999
0.167943
0.172840
0.156900
0.151732
0.145425
0.130616
0.078375
0.023437
0.010835
0.010355
-0.023824
-0.059441
-0.061869
-0.043051
-0.014357
0.005924
0.018226
0.019905
0.006562
-0.002380
-0.024613
-0.026749
-0.009979
-0.017607
-0.025426
-0.018396
-0.025548
-0.017894
0.006319
-0.012786
-0.036929
-0.046924
-0.057376
-0.056073
-0.030231
-0.014302
-0.012494
-0.017976
-0.004593
0.031019
0.063224
0.085412
0.100723
0.124202
0.140935
0.141592
0.135777
0.129040
0.110536
0.094086
0.085446
0.086347
0.085789
0.079378
0.070711
0.070929
0.073258
0.083698
0.092876
0.120839
0.137993
0.128625
0.125093
0.135300
0.140386
0.151306
0.152523
0.152861
0.154686
0.159885
0.179499
0.189658
0.188696
0.170419
0.146279
0.131934
0.102569
0.066027
0.041747
0.043502
0.040059
0.031544
0.033566
0.045279
0.064741
0.085395
0.098810
0.101768
0.102815
0.074335
0.014577
-0.045023
-0.087911
-0.129265
-0.163378
-0.184988
-0.187304
-0.176273
-0.152663
-0.131885
-0.111897
-0.091376
-0.066051
-0.043781
-0.028541
-0.027426
-0.020272
-0.010442
0.003235
0.003443
0.016757
0.017517
0.001483
-0.019633
-0.029667
-0.038292
-0.057698
-0.095331
-0.140151
-0.191166
-0.235403
-0.274112
-0.289309
-0.286758
-0.271211
-0.238106
-0.199110
-0.166179
-0.115124
-0.083968
-0.076014
-0.090513
-0.106221
-0.118740
-0.152757
-0.186390
-0.202923
-0.210539
-0.216335
-0.202477
-0.206262
-0.198025
-0.186648
-0.177310
-0.145981
-0.141727
-0.121756
-0.084294
-0.061421
-0.040796
-0.018101
0.004587
0.003929
0.005120
0.012216
0.014842
0.021216
0.039894
0.061583
0.059741
0.051107
0.055739
0.064206
0.064207
0.061894
0.058766
0.037773
0.038199
0.066703
0.086855
0.091782
0.111563
0.143912
0.147591
0.119596
0.092100
0.067624
0.031515
0.000108
-0.026888
-0.037830
-0.035481
-0.026236
-0.015828
0.006339
0.034325
0.063943
0.078786
0.086481
0.092547
0.084461
0.083362
0.088847
0.085369
0.065779
0.058151
0.051594
0.026314
-0.001423
-0.021273
-0.048897
-0.075364
-0.086723
-0.109473
-0.126545
-0.132614
-0.137448
-0.138776
-0.138426
-0.128020
-0.110498
-0.090049
-0.061985
-0.020203
0.004234
0.002015
-0.010075
-0.016268
-0.043982
-0.064085
-0.083741
-0.098672
-0.109130
-0.127462
-0.125978
-0.109101
-0.095065
-0.072679
-0.047827
-0.026710
-0.003448
0.000136
-0.003380
-0.013172
-0.034175
-0.053810
-0.071759
-0.082841
-0.094064
-0.101474
-0.098914
-0.098999
-0.098226
-0.100948
-0.107879
-0.111072
-0.116316
-0.122256
-0.114704
-0.117640
-0.123766
-0.111666
-0.086224
-0.046597
-0.007848
0.015225
0.018939
0.037887
0.070254
0.083574
0.079555
0.094632
0.092541
0.074730
0.075498
0.084706
0.095187
0.117847
0.144703
0.171291
0.195696
0.220885
0.258440
0.288169
0.311821
0.331540
0.333430
0.317224
0.294710
0.265899
0.198118
0.121573
0.078911
0.046669
0.012404
-0.010150
-0.012850
-0.004193
-0.003226
-0.012922
-0.043745
-0.077908
-0.100577
-0.110195
-0.121462
-0.153279
-0.179343
-0.185037
-0.200922
-0.241291
-0.270363
-0.281209
-0.298720
-0.332321
-0.370782
-0.404149
-0.417401
-0.423948
-0.448483
-0.481148
-0.505273
-0.513704
-0.506045
-0.486247
-0.454500
-0.401888
-0.338743
-0.290136
-0.244362
-0.197719
-0.168945
-0.145563
-0.131045
-0.129435
-0.124895
-0.094204
-0.057756
-0.019159
0.014344
0.046059
0.082134
0.116022
0.145844
0.165487
0.178577
0.184072
0.199520
0.206657
0.199507
0.187898
0.191025
0.192506
0.182712
0.180478
0.182565
0.192615
0.209448
0.218953
0.228194
0.234548
0.235509
0.218429
0.194725
0.182614
0.169624
0.161494
0.155306
0.136719
0.137335
0.133704
0.118094
0.099525
0.086235
0.059678
0.028540
0.010159
-0.012551
-0.047808
-0.083432
-0.119534
-0.149387
-0.169334
-0.184763
-0.185910
-0.187111
-0.197686
-0.206790
-0.209684
-0.214073
-0.221256
-0.221934
-0.210938
-0.199699
-0.170324
-0.137550
-0.103827
-0.083694
-0.066429
-0.030056
-0.013727
0.002927
0.019897
0.040168
0.050754
0.066650
0.086222
0.113466
0.159818
0.192139
0.209321
0.227267
0.241280
0.239233
0.234043
0.225416
0.233043
0.244611
0.254347
0.266012
0.281984
0.289655
0.292381
0.293317
0.289391
0.282284
0.284611
0.282291
0.264836
0.252289
0.248381
0.233539
0.224747
0.226779
0.222684
0.217262
0.215647
0.206303
0.195995
0.197107
0.199212
0.183516
0.166338
0.152988
0.133596
0.118766
0.106561
0.084756
0.080543
0.094976
0.107311
0.102819
0.108954
0.100120
0.080876
0.059667
0.027190
0.000708
-0.019919
-0.042013
-0.057344
-0.074418
-0.104167
-0.124098
-0.120587
-0.117733
-0.125416
-0.129174
-0.126145
-0.125649
-0.131701
-0.141720
-0.162107
-0.169304
-0.171544
-0.177595
-0.184899
-0.186569
-0.170807
-0.164159
-0.157290
-0.146569
-0.135068
-0.129928
-0.129640
-0.137435
-0.152443
-0.164154
-0.166828
-0.163867
-0.152091
-0.136027
-0.114507
-0.081514
-0.055386
-0.031971
0.004384
0.037391
0.064013
0.086345
0.103551
0.117456
0.134024
0.146311
0.149037
0.138137
0.141131
0.159611
0.178688
0.200140
0.212840
0.218371
0.221009
0.198709
0.171401
0.142372
0.099066
0.044405
-0.003543
-0.049146
-0.080801
-0.105714
-0.131520
-0.146811
-0.143565
-0.141503
-0.143391
-0.152629
-0.166646
-0.178770
-0.179487
-0.186494
-0.168011
-0.154032
-0.145374
-0.142394
-0.139686
-0.124371
-0.118684
-0.113962
-0.120264
-0.144476
-0.159093
-0.163372
-0.157165
-0.149086
-0.144651
-0.125958
-0.097062
-0.065354
-0.030151
0.004940
0.035600
0.045242
0.049191
0.064685
0.077461
0.080871
0.085970
0.092632
0.098622
0.106205
0.115181
0.115993
0.113581
0.112906
0.118453
0.129176
0.133770
0.131642
0.127857
0.134328
0.140295
0.141484
0.144491
0.144978
0.134185
0.122213
0.101046
0.081879
0.061757
0.038022
0.020292
0.013132
0.007543
0.004814
-0.003091
-0.016732
-0.021966
-0.024090
-0.022847
-0.022833
-0.019282
-0.021242
-0.016891
-0.017277
-0.019039
-0.014912
-0.017856
-0.030062
-0.038367
-0.036483
-0.035044
-0.025800
-0.011885
0.003337
0.014495
0.030909
0.055023
0.074501
0.085063
0.091099
0.090052
0.085463
0.087156
0.088312
0.083388
0.078170
0.087403
0.092895
0.097387
0.115314
0.136047
0.143160
0.129268
0.107767
0.079751
0.055006
0.040429
0.030051
0.012969
0.000307
-0.010275
-0.011309
-0.023300
-0.046861
-0.059590
-0.072583
-0.106175
-0.139021
-0.160470
-0.176114
-0.187483
-0.185410
-0.175572
-0.169974
-0.153446
-0.131698
-0.111764
-0.090254
-0.075506
-0.066688
-0.062660
-0.065729
-0.055116
-0.052838
-0.055901
-0.043353
-0.029484
-0.017952
0.001073
0.024037
0.048134
0.065081
0.081936
0.092769
0.107261
0.126764
0.136575
0.138273
0.138859
0.143864
0.159218
0.173157
0.179119
0.183657
0.190306
0.196889
0.198494
0.189630
0.184918
0.180200
0.171585
0.160979
0.156939
0.156280
0.157293
0.151176
0.135687
0.111190
0.090373
0.070421
0.042174
0.009133
-0.024092
-0.058669
-0.095960
-0.144054
-0.191312
-0.229548
-0.260538
-0.285329
-0.312433
-0.326298
-0.333490
-0.330764
-0.323834
-0.314872
-0.300306
-0.284893
-0.287193
-0.290760
-0.273159
-0.271212
-0.264306
-0.249267
-0.234937
-0.220260
-0.197960
-0.175414
-0.168888
-0.149527
-0.132088
-0.125152
-0.114767
-0.090994
-0.069501
-0.045419
-0.016289
0.008097
0.024790
0.045032
0.069491
0.088226
0.103420
0.116594
0.134275
0.151694
0.157223
0.162102
0.156507
0.158460
0.161907
0.152276
0.130869
0.122254
0.112514
0.089776
0.059579
0.032763
0.011036
-0.010685
-0.033790
-0.050457
-0.060936
-0.063155
-0.057125
-0.061353
-0.060006
-0.054916
-0.056545
-0.064501
-0.073575
-0.081983
-0.081749
-0.071057
-0.059523
-0.053649
-0.050260
-0.049124
-0.049799
-0.048575
-0.049505
-0.055473
-0.050278
-0.044081
-0.037954
-0.023329
-0.011407
0.000402
0.005349
0.006242
0.003617
0.000691
0.006482
0.018231
0.019402
0.018293
0.012201
0.013937
0.016293
0.010261
-0.001903
-0.017854
-0.025756
-0.028398
-0.027849
-0.016554
-0.000139
0.015617
0.029726
0.037439
0.038936
0.041281
0.043124
0.039355
0.032004
0.026636
0.022200
0.023119
0.016830
-0.006523
-0.021065
-0.029589
-0.035459
-0.045344
-0.049937
-0.055906
-0.055307
-0.066804
-0.076429
-0.074224
-0.063606
-0.051347
-0.041570
-0.032840
-0.016479
0.002695
0.018415
0.025483
0.040660
0.055082
0.066921
0.083054
0.104528
0.116434
0.120559
0.127774
0.131547
0.137665
0.149632
0.161908
0.169360
0.165600
0.165069
0.166125
0.161991
0.146034
0.134409
0.130090
0.125261
0.113948
0.097127
0.084159
0.080727
0.072579
0.066976
0.070984
0.079346
0.089250
0.095404
0.090871
0.078890
0.070933
0.059355
0.040701
0.020137
0.007648
-0.015898
-0.050438
-0.077102
-0.098735
-0.113194
-0.124541
-0.136366
-0.144780
-0.156009
-0.165925
-0.176477
-0.182221
-0.188883
-0.193768
-0.197056
-0.190385
-0.178850
-0.167360
-0.149539
-0.137172
-0.114439
-0.091132
-0.068329
-0.044819
-0.022835
-0.007931
0.008344
0.017753
0.027537
0.035819
0.054203
0.063905
0.073443
0.077565
0.082732
0.076074
0.068847
0.067142
0.052731
0.041571
0.033156
0.015399
-0.002626
-0.013662
-0.019897
-0.025840
-0.038169
-0.054012
-0.071436
-0.086878
-0.105151
-0.126789
-0.143538
-0.162660
-0.170740
-0.174178
-0.172174
-0.177046
-0.172626
-0.170559
-0.170211
-0.155514
-0.138913
-0.121144
-0.107352
-0.101706
-0.097304
-0.100528
-0.091944
-0.083511
-0.089521
-0.085898
-0.077236
-0.072472
-0.079361
-0.078345
-0.064528
-0.054145
-0.040897
-0.020605
-0.005032
0.000307
-0.000971
-0.005129
-0.007853
-0.014766
-0.013545
-0.009121
-0.013234
-0.016379
-0.011760
-0.019288
-0.033228
-0.038647
-0.046749
-0.052364
-0.050460
-0.041710
-0.037527
-0.029061
-0.015555
-0.007752
-0.004415
-0.003692
-0.012833
-0.026974
-0.044480
-0.062758
-0.074646
-0.084446
-0.094173
-0.098852
-0.095605
-0.096324
-0.090745
-0.081867
-0.074565
-0.066986
-0.051996
-0.030222
-0.014122
-0.001083
0.008844
0.010446
0.013931
0.012119
0.006731
0.006262
0.006064
0.010983
0.016307
0.021798
0.033105
0.045431
0.055510
0.068054
0.082375
0.099772
0.116652
0.134362
0.154119
0.175297
0.201424
0.221124
0.225293
0.220860
0.211112
0.194370
0.172665
0.154565
0.141503
0.134838
0.129474
0.116263
0.110506
0.107961
0.100321
0.096299
0.097018
0.103092
0.113359
0.119126
0.117332
0.116105
0.119681
0.121657
0.113956
0.103589
0.088319
0.070089
0.058672
0.060361
0.062062
0.058091
0.057289
0.057800
0.050087
0.040359
0.040812
0.041834
0.037695
0.038464
0.044390
0.051862
0.062357
0.070719
0.079226
0.088019
0.093630
0.093721
0.093739
0.090343
0.085193
0.079216
0.077018
0.077550
0.078550
0.088191
0.104189
0.126815
0.141498
0.144821
0.143582
0.143346
0.143611
0.143112
0.136951
0.131270
0.126105
0.114514
0.104436
0.103009
0.110114
0.115226
0.114194
0.112883
0.116266
0.114328
0.101616
0.087990
0.074102
0.056611
0.044445
0.050921
0.051346
0.056235
0.077183
0.090365
0.095258
0.099983
0.099691
0.090796
0.076513
0.063621
0.044284
0.022268
0.008279
-0.002392
-0.008133
-0.006436
-0.001408
0.004480
0.013303
0.016569
0.022747
0.031039
0.035005
0.041155
0.040491
0.032104
0.023841
0.016159
0.011765
0.009994
0.007290
0.012015
0.026960
0.045008
0.056905
0.067041
0.069040
0.066884
0.058816
0.048987
0.041466
0.035035
0.035674
0.037401
0.030935
0.024349
0.018693
0.013533
-0.000117
-0.020940
-0.033095
-0.043367
-0.057531
-0.073337
-0.084962
-0.091224
-0.094951
-0.098070
-0.091441
-0.083689
-0.082477
-0.079865
-0.074332
-0.078962
-0.094991
-0.104361
-0.115172
-0.129516
-0.137114
-0.139037
-0.144399
-0.145351
-0.144660
-0.141195
-0.136641
-0.134861
-0.134454
-0.131617
-0.133457
-0.131433
-0.123110
-0.112699
-0.100631
-0.079816
-0.049594
-0.022107
-0.002371
0.014277
0.023974
0.026607
0.032227
0.036808
0.034889
0.036778
0.043687
0.045435
0.043662
0.041885
0.041866
0.045057
0.045438
0.047735
0.055974
0.059821
0.055606
0.041101
0.025028
0.015028
0.000440
-0.014620
-0.025814
-0.037584
-0.036004
-0.036305
-0.042359
-0.048154
-0.054284
-0.061418
-0.078383
-0.093729
-0.114161
-0.141102
-0.132710
-0.117701
-0.173663
