-0.029014
-0.028797
-0.028482
-0.027430
-0.026688
-0.026031
-0.024991
-0.023732
-0.023331
-0.022732
-0.021738
-0.020804
-0.019545
-0.019044
-0.018459
-0.017595
-0.016849
-0.016426
-0.015860
-0.015210
-0.014266
-0.013127
-0.013082
-0.013282
-0.012425
-0.011956
-0.012226
-0.011549
-0.011048
-0.010932
-0.009166
-0.007959
-0.008965
-0.008626
-0.006961
-0.006398
-0.006379
-0.006010
-0.005198
-0.004495
-0.004270
-0.005057
-0.003704
-0.001831
-0.001971
-0.001812
-0.002667
-0.004209
-0.002938
-0.002899
-0.006275
-0.005586
-0.002681
-0.005607
-0.006045
-0.005629
-0.010842
-0.009560
-0.003625
-0.010101
-0.017110
-0.006808
-0.007036
-0.015785
-0.008164
-0.005685
-0.009834
0.000743
0.001913
-0.009850
-0.008867
0.007237
-0.007752
-0.014557
0.004877
-0.001379
-0.005131
-0.001344
-0.005649
-0.003669
0.008246
0.002946
-0.013577
0.001080
0.006314
-0.009236
-0.007425
-0.007993
-0.005850
0.002240
-0.001913
-0.017510
-0.017438
-0.002981
-0.006083
-0.019803
-0.021590
-0.008555
0.005634
-0.017938
-0.036382
-0.004124
0.006685
-0.022007
-0.002639
0.009792
-0.015182
-0.008976
0.003560
-0.028750
-0.019576
0.021087
-0.007540
-0.024018
-0.002497
-0.004045
-0.028069
-0.018974
-0.002798
-0.012133
0.005108
-0.012872
-0.022153
-0.012846
-0.012189
-0.005771
-0.005564
0.004272
-0.010031
-0.023486
-0.002543
-0.023288
-0.035014
-0.003477
0.018583
0.012934
-0.021106
0.016880
0.010350
-0.044218
-0.012500
0.043797
-0.001403
-0.018889
0.021756
0.017853
-0.026874
-0.017758
0.028027
0.003484
-0.005947
0.033496
0.001035
-0.019259
-0.020424
-0.001173
0.014253
-0.021252
-0.008162
0.004501
-0.018277
-0.004191
-0.001102
0.020467
-0.026881
-0.024585
0.031003
0.007897
-0.004039
-0.007486
-0.024288
0.009240
0.028022
0.027245
-0.013854
-0.021319
0.022817
-0.012453
0.002012
0.042964
-0.004338
-0.003164
0.027111
0.006095
-0.007476
0.028946
0.040446
-0.005449
-0.000929
0.032649
0.008897
0.037600
0.024994
-0.006914
0.039466
0.029540
-0.003674
0.015304
0.025006
0.002058
0.012302
0.063916
0.002191
0.004042
0.041248
-0.014678
-0.011241
0.044801
0.039978
-0.008632
-0.011508
0.008106
0.017037
0.036232
0.011896
0.002456
0.033863
0.027107
-0.011365
0.028837
0.028681
0.005932
0.015251
0.022232
0.028943
0.041097
-0.038970
-0.042896
0.065353
0.066192
-0.059418
-0.022485
0.076998
-0.033117
-0.001285
0.075821
0.016552
-0.020234
0.035255
0.050418
-0.017073
-0.023005
0.066238
0.036498
-0.023427
-0.017403
0.055553
0.086658
-0.077121
-0.045539
0.106934
0.044554
-0.071964
-0.028153
0.064549
-0.009863
-0.023268
0.026774
-0.026380
-0.006435
0.049157
0.011189
-0.013003
-0.011961
0.038278
0.020396
0.015348
-0.036139
-0.002859
0.034335
0.015085
-0.038431
0.009622
0.042419
0.005732
-0.035926
-0.004030
0.016530
0.023319
-0.007986
-0.026175
-0.005129
0.002135
-0.000084
-0.013666
-0.015551
-0.026054
0.044128
0.039849
-0.033570
-0.013327
0.080713
0.082361
-0.017180
0.004130
0.035298
0.034950
0.034768
-0.030636
-0.008621
0.055944
0.063016
-0.041768
0.002578
0.117886
0.042637
-0.038207
0.018671
0.003133
-0.015004
0.018046
0.031657
-0.019616
-0.025828
0.014881
0.013893
0.010844
0.011883
0.015867
0.035067
-0.011105
0.028688
0.101216
0.048134
0.017905
0.026966
-0.005879
0.012198
0.119597
0.070608
-0.116637
-0.001260
0.135050
0.048490
-0.018740
0.021847
0.051809
0.048285
0.000703
0.020928
0.032358
0.048411
0.020307
0.024352
0.042577
0.004799
0.057253
0.041274
-0.033344
0.062414
0.078346
0.017731
-0.015577
0.034646
0.045365
0.010539
0.099555
0.041585
0.024769
0.103174
0.120374
0.052196
0.049558
0.120329
0.100233
0.018078
0.007611
0.037286
0.091549
0.070335
0.040488
0.049555
0.079685
0.045627
0.032384
0.026712
-0.008858
-0.023010
0.026052
0.053819
-0.020474
-0.002462
0.023909
-0.008357
0.037390
0.072370
0.030945
0.010631
0.020649
0.008752
-0.001130
0.078852
0.090715
0.012970
0.032594
0.034461
0.014298
0.009444
0.052138
0.120868
0.043982
-0.028215
0.041779
0.073681
0.042876
-0.019508
0.042703
0.048224
-0.024728
-0.015649
-0.015330
0.016922
-0.024711
-0.044132
0.020906
0.033870
0.010440
-0.019126
-0.033290
-0.018243
0.036452
0.072839
-0.028428
-0.074941
-0.010052
0.000608
0.006100
0.051534
0.066289
0.050995
0.001537
0.039614
0.070353
0.074944
0.037765
-0.019667
0.021702
0.013218
-0.046004
0.017006
-0.030091
-0.045517
-0.001981
0.018251
-0.029825
-0.073314
0.031665
-0.005744
-0.103907
-0.021368
0.001637
-0.033144
0.004505
-0.024693
-0.024823
-0.005409
0.005710
-0.047912
-0.017765
0.033563
0.001574
-0.010544
-0.004651
-0.026707
0.072528
0.037074
-0.069424
-0.001547
0.047542
-0.066525
-0.063685
0.056292
-0.002019
-0.088667
0.001343
-0.007322
-0.047485
0.011125
-0.035832
-0.060237
-0.017449
0.012130
-0.008600
-0.025161
-0.025666
-0.085864
-0.019339
-0.025621
-0.036781
0.009802
-0.032831
-0.043715
0.027004
0.036162
-0.027123
-0.019652
0.088660
0.004349
-0.045305
0.039609
0.014747
-0.078521
-0.031966
0.067181
-0.102588
-0.117704
-0.000974
-0.025590
-0.102561
-0.038762
0.019824
-0.070534
-0.130382
-0.104064
-0.110567
-0.058586
-0.099681
-0.145553
-0.017490
-0.027308
-0.127859
-0.080751
0.034394
-0.059883
-0.103317
0.038871
0.018936
-0.089798
-0.008841
0.021998
-0.053948
-0.021962
-0.036535
-0.088468
-0.029515
0.061416
-0.045594
-0.118050
-0.007707
-0.010910
-0.054880
-0.031000
-0.098032
-0.098503
-0.025791
-0.000812
-0.072518
-0.060813
-0.057417
-0.094525
-0.044776
-0.079157
-0.093551
-0.049836
-0.096204
-0.077956
-0.009506
-0.079024
-0.215920
-0.030349
0.040780
-0.123992
-0.125725
-0.066753
-0.147726
-0.093871
-0.068342
-0.122603
-0.128238
-0.040518
-0.170961
-0.174417
-0.047663
-0.128108
-0.189253
-0.091952
-0.054446
-0.180212
-0.162815
-0.043983
-0.140316
-0.156020
0.001063
-0.033840
-0.103908
-0.130883
0.044437
-0.040582
-0.179550
-0.022864
-0.004340
-0.023007
-0.000658
-0.053791
-0.107594
-0.118165
0.029247
-0.024314
-0.214487
-0.063031
0.053301
-0.027685
-0.132856
-0.150904
-0.062786
-0.079456
-0.190815
-0.163182
-0.070219
-0.041414
-0.200471
-0.148419
0.021038
-0.134491
-0.156499
-0.016694
-0.148649
-0.192272
-0.019307
-0.065867
-0.207671
-0.052439
0.045730
-0.099332
-0.133732
-0.159796
-0.245063
-0.104366
-0.043297
-0.177693
-0.117441
-0.041202
-0.241281
-0.305699
-0.159554
-0.090541
-0.073123
-0.104353
-0.234766
-0.180995
-0.123503
-0.231416
-0.191096
0.000616
-0.052293
-0.079367
-0.001591
-0.031234
-0.063143
0.019534
0.036607
0.018550
0.089293
0.066883
-0.109388
-0.027606
0.188100
0.198938
0.134434
0.062825
-0.011398
-0.099240
-0.050764
0.001787
-0.044180
-0.149692
-0.193147
-0.107970
-0.077724
-0.188405
-0.317691
-0.351897
-0.247143
-0.170064
-0.155728
-0.273420
-0.364089
-0.284093
-0.138202
-0.080599
-0.098874
-0.104181
-0.101725
-0.090064
0.046346
0.279566
0.276815
-0.063432
-0.089034
0.162976
0.236496
0.128225
0.120571
0.143530
0.029141
0.044540
0.011825
-0.155876
-0.130142
-0.052611
-0.143953
-0.122074
-0.052409
-0.149172
-0.140533
0.224532
0.686276
1.048711
1.321998
1.234947
1.083471
1.255242
1.028311
0.585082
0.603298
0.732951
1.097489
1.172694
0.907101
0.972084
1.192774
1.001514
0.838117
0.814491
0.694352
0.536993
0.264452
0.169099
0.621033
0.830780
0.267125
-0.187138
-0.232934
-0.637547
-0.767423
-0.205612
-0.004106
-0.383821
-0.603829
-0.675170
-0.672690
-0.310979
-0.118738
-0.154914
-0.125931
-0.170415
-0.084526
0.165356
0.278410
0.114794
0.084474
0.128683
0.049231
0.207762
0.373145
0.401695
0.441399
0.487094
0.642628
0.430855
-0.085558
-0.253562
0.281236
0.574792
0.244496
0.218538
0.528411
0.401223
-0.001064
-0.172589
-0.441540
-0.553590
0.094997
0.310499
-0.205997
-0.508640
-0.421751
-0.332625
-0.239031
-0.066095
-0.093712
-0.443658
-0.665126
-0.495597
-0.092622
-0.059868
-0.360316
-0.527258
-0.455079
-0.250997
-0.044670
-0.024046
-0.194558
-0.225352
-0.036187
0.055966
-0.088813
-0.236446
-0.266328
-0.251175
-0.221418
-0.049823
0.232200
0.256594
-0.025071
-0.141571
0.047363
0.226686
0.270410
0.244195
0.084017
-0.082594
0.096001
0.305104
0.202452
0.076613
0.134775
0.164304
0.145085
0.364528
0.542050
0.222931
-0.135472
-0.153912
0.325317
0.550482
0.194261
-0.204506
-0.117255
0.102351
0.183741
0.322874
0.292215
-0.035779
-0.209543
-0.102993
-0.078685
-0.202373
-0.173129
-0.060697
-0.041895
-0.004862
0.122213
0.226344
0.171668
0.106674
0.089227
0.040684
-0.088725
-0.153577
-0.038201
0.146795
0.185186
0.089279
0.031692
0.068182
0.066178
-0.008713
-0.112335
-0.237943
-0.260003
-0.101587
-0.005551
-0.162411
-0.365732
-0.363747
-0.259254
-0.307354
-0.440446
-0.427394
-0.391646
-0.506878
-0.559055
-0.217512
0.033614
-0.152183
-0.375947
-0.304972
-0.095158
-0.019248
-0.004385
0.098616
0.244312
0.329196
0.269514
0.216693
0.225848
0.130193
0.048739
0.202095
0.300562
0.141404
-0.094675
-0.107198
-0.064891
-0.068645
-0.103011
-0.160269
-0.167966
-0.022951
0.029943
-0.092960
-0.201162
-0.161344
-0.128394
-0.203855
-0.217795
-0.212829
-0.294388
-0.240483
-0.011919
0.101736
0.049240
-0.034282
-0.037230
-0.003864
0.058568
0.050365
0.043468
0.073470
0.070943
0.003165
0.000508
0.001236
-0.044072
-0.095261
-0.129575
-0.210952
-0.249395
-0.192271
-0.193790
-0.195794
-0.130669
-0.128969
-0.144218
-0.040287
0.063705
-0.016458
-0.080125
0.026152
0.122382
0.043553
-0.020741
0.046613
0.128539
0.090066
-0.025255
-0.038667
-0.075558
-0.205957
-0.301340
-0.219462
-0.126602
-0.191257
-0.266805
-0.238557
-0.253701
-0.319720
-0.325503
-0.293151
-0.359221
-0.387552
-0.300937
-0.190204
-0.163030
-0.154527
-0.115186
-0.057404
0.050123
0.099680
0.098879
0.167349
0.232760
0.146331
0.099855
0.202701
0.290092
0.234546
0.150839
0.143625
0.268771
0.316080
0.176563
0.097035
0.222463
0.209024
-0.024682
-0.142047
-0.078008
-0.008204
-0.049828
-0.109372
-0.091990
-0.006428
0.017917
-0.023398
-0.033206
0.011432
0.028515
0.063656
0.150373
0.243135
0.277590
0.245940
0.234346
0.315420
0.341238
0.260575
0.154312
0.111139
0.117042
0.207767
0.255300
0.105377
-0.012298
0.043154
0.053837
-0.057872
-0.166165
-0.247278
-0.257371
-0.180065
-0.178620
-0.250174
-0.254026
-0.272477
-0.331674
-0.293281
-0.222919
-0.268017
-0.293604
-0.201537
-0.121328
-0.090748
-0.069991
-0.076689
-0.125934
-0.072547
0.060398
0.126212
0.073452
0.047978
0.139554
0.183899
0.064938
0.021284
0.139147
0.197816
0.092554
0.045062
0.141382
0.208401
0.173605
0.110299
0.033180
-0.087676
-0.202779
-0.169498
-0.006130
0.012594
-0.061148
-0.041240
0.070480
0.101774
0.079348
0.035484
-0.054104
-0.119243
-0.084105
-0.065881
-0.060421
-0.037719
-0.082235
-0.156148
-0.116570
-0.087173
-0.187880
-0.281560
-0.323565
-0.339623
-0.314474
-0.286069
-0.297718
-0.312703
-0.302074
-0.334486
-0.364163
-0.344181
-0.286737
-0.223572
-0.171104
-0.142494
-0.104284
0.003896
0.143093
0.178402
0.088992
-0.021878
0.025314
0.197944
0.240875
0.183402
0.216934
0.232236
0.108600
0.083996
0.211177
0.217443
0.026474
-0.096578
-0.048179
-0.003733
-0.082164
-0.186442
-0.178527
-0.112668
-0.146910
-0.226958
-0.272115
-0.276651
-0.229371
-0.166530
-0.181641
-0.224013
-0.200228
-0.125610
-0.110110
-0.059995
0.068921
0.186742
0.159239
0.089587
0.174591
0.338401
0.411430
0.440561
0.457654
0.418278
0.343039
0.346908
0.375456
0.295744
0.226514
0.258951
0.308654
0.288272
0.215636
0.147218
0.115705
0.113158
0.140459
0.134004
0.046971
-0.064728
-0.101937
-0.035653
0.044759
0.047776
0.011548
-0.018057
0.006402
0.037610
0.045385
0.059292
0.129237
0.228338
0.251995
0.183275
0.139327
0.143165
0.182132
0.197100
0.173831
0.137178
0.122984
0.145094
0.169840
0.109178
-0.009928
-0.071212
0.052460
0.143615
0.109789
0.023405
0.006765
-0.000908
-0.013309
0.028229
0.043124
-0.044522
-0.096155
-0.034867
0.057909
0.106379
0.094435
0.060839
0.050783
0.051038
0.038844
0.045955
0.073629
0.039690
0.007545
0.063583
0.097348
0.051141
-0.044291
-0.105400
-0.135160
-0.132408
-0.134037
-0.141734
-0.166942
-0.214246
-0.235002
-0.174211
-0.129321
-0.151523
-0.167122
-0.130695
-0.091525
-0.057246
-0.073707
-0.127632
-0.129116
-0.072683
-0.033584
-0.003115
0.030402
0.045171
0.095678
0.187839
0.177403
0.099985
0.096780
0.075405
-0.006892
-0.031260
0.039017
0.073432
0.036687
0.003792
0.039740
0.083632
0.010658
-0.082151
-0.063882
-0.040223
-0.065206
-0.082308
-0.090598
-0.103819
-0.070639
-0.026605
-0.007576
0.012350
0.018526
0.029581
0.086852
0.137936
0.148316
0.162235
0.134481
0.064463
0.103431
0.216378
0.229019
0.182267
0.191999
0.228932
0.244343
0.209447
0.097002
0.030628
0.082983
0.114075
0.029937
-0.015148
0.030772
0.053067
0.014674
-0.034317
-0.084391
-0.102777
-0.100668
-0.109746
-0.106973
-0.092086
-0.090402
-0.102790
-0.069453
-0.009309
0.000298
-0.030589
-0.065737
-0.072810
-0.006685
0.055122
0.032483
-0.021180
0.020036
0.107418
0.117945
0.092782
0.116702
0.160528
0.184802
0.186326
0.157686
0.133050
0.138683
0.154077
0.137121
0.143878
0.149607
0.094179
0.049868
0.088520
0.095427
0.044553
0.038199
0.046762
-0.007363
-0.028242
0.015782
-0.008124
-0.067759
-0.012044
0.087104
0.047467
-0.063925
-0.064021
0.016762
0.035674
0.004033
0.011191
0.035456
0.031428
0.049231
0.097641
0.102636
0.075942
0.045999
0.034906
0.033277
0.021579
-0.023132
-0.027639
0.011565
0.026033
0.006444
0.011664
-0.039572
-0.128104
-0.084074
0.005304
-0.062601
-0.135139
-0.103801
-0.093274
-0.135260
-0.137065
-0.144389
-0.207588
-0.221282
-0.201330
-0.197123
-0.164847
-0.111145
-0.104287
-0.099967
-0.076183
-0.070852
-0.055887
0.000530
-0.010028
-0.076625
-0.065955
-0.016999
-0.037054
-0.042994
-0.002448
-0.008197
-0.035312
-0.002249
0.001792
-0.020127
-0.000329
0.017429
0.005623
0.004988
-0.018006
-0.059332
-0.031938
0.004910
-0.030111
-0.031640
0.025354
0.001302
-0.066142
-0.054205
-0.045588
-0.058598
-0.017851
0.018431
-0.010342
-0.037736
-0.050576
-0.054332
0.017518
0.092765
0.071083
0.018726
0.009645
0.037704
0.038556
0.014563
-0.013064
0.004127
0.048792
0.038345
-0.014486
-0.037059
-0.028874
-0.047202
-0.079431
-0.079448
-0.058353
-0.063911
-0.111800
-0.131009
-0.107042
-0.113573
-0.145825
-0.120138
-0.068820
-0.053941
-0.045563
0.003847
0.040505
0.044196
0.030271
-0.007563
-0.037210
-0.029978
-0.031372
-0.057038
-0.071946
-0.069841
-0.033080
0.010790
0.014472
-0.051561
-0.089401
-0.032961
0.001985
-0.049246
-0.120270
-0.112066
-0.053478
-0.046255
-0.083383
-0.106184
-0.114750
-0.129463
-0.122391
-0.099367
-0.112845
-0.120291
-0.076941
-0.030574
-0.034464
-0.010183
0.042366
0.068592
0.067689
0.085091
0.062064
0.006110
0.001208
0.077341
0.105741
0.055101
0.013356
0.002875
-0.005306
-0.017185
-0.038615
-0.094093
-0.128814
-0.104999
-0.068428
-0.074311
-0.088009
-0.099432
-0.098624
-0.055603
0.010518
0.031742
0.022608
0.017069
0.008258
-0.025340
-0.047095
-0.054628
-0.070348
-0.071174
-0.064449
-0.042663
0.006026
0.027713
-0.005633
-0.023706
-0.025452
-0.056333
-0.076854
-0.044425
-0.020183
-0.017733
0.009700
0.004776
-0.052640
-0.059091
-0.014362
-0.042294
-0.133240
-0.172190
-0.139018
-0.102154
-0.104499
-0.109422
-0.085264
-0.075642
-0.098888
-0.087476
0.011894
0.097039
0.087685
0.058408
0.073301
0.093831
0.063562
0.035160
0.058971
0.088950
0.060049
0.044930
0.089807
0.108972
0.063597
0.004735
-0.004571
0.015195
0.011445
-0.008394
-0.024086
-0.001443
0.018378
0.019492
0.036167
0.045941
-0.001549
-0.061131
-0.070674
-0.059630
-0.040722
0.002115
0.017512
-0.022686
-0.021598
0.032805
0.053272
0.048486
0.062299
0.070664
0.039399
0.002352
0.011934
0.039123
0.032018
-0.019562
-0.037734
-0.029543
-0.067339
-0.104301
-0.093927
-0.097530
-0.121468
-0.094083
-0.039025
-0.028472
-0.043172
-0.032322
-0.029344
-0.063830
-0.082115
-0.036633
0.005962
-0.032221
-0.069517
-0.007281
0.038928
0.028809
0.052359
0.059209
-0.010949
-0.022976
0.056744
0.086025
0.065525
0.106510
0.134093
0.076150
0.043156
0.080990
0.091940
0.026974
-0.022883
0.033184
0.089611
0.061045
0.034459
0.063768
0.045497
-0.025085
-0.032857
-0.022842
-0.061044
-0.054988
-0.016190
-0.021842
-0.007824
0.042156
0.019457
-0.026639
0.010113
0.076502
0.109959
0.131460
0.133164
0.121462
0.137923
0.149569
0.116172
0.084527
0.076373
0.082516
0.112321
0.156189
0.174157
0.160195
0.145340
0.136736
0.133377
0.140718
0.109217
0.040284
0.031946
0.086221
0.090516
0.039636
0.008861
-0.021354
-0.064556
-0.062346
-0.036963
-0.063290
-0.092915
-0.080941
-0.054245
-0.014603
0.005638
-0.039076
-0.060735
-0.001892
0.016816
-0.021036
0.001980
0.069234
0.084811
0.089671
0.119474
0.113347
0.089140
0.102377
0.122247
0.123030
0.105371
0.087666
0.081687
0.074296
0.045411
0.012483
-0.011550
-0.043555
-0.054432
-0.043375
-0.055858
-0.099502
-0.134988
-0.163025
-0.191766
-0.209155
-0.222194
-0.253784
-0.279184
-0.261110
-0.219338
-0.203702
-0.193212
-0.149669
-0.099222
-0.086733
-0.069548
-0.002156
0.055915
0.072296
0.089075
0.154315
0.227493
0.258051
0.247843
0.241843
0.258767
0.280610
0.293557
0.301717
0.287614
0.263715
0.249315
0.231995
0.185087
0.127945
0.086463
0.063778
0.050680
0.037404
0.006957
-0.025638
-0.063036
-0.078001
-0.042348
-0.009321
-0.036195
-0.065940
-0.052279
-0.031153
-0.025860
-0.011902
-0.001673
-0.014326
-0.015561
-0.013040
-0.035737
-0.054983
-0.027901
0.014170
0.024388
0.010395
0.014270
0.036648
0.048707
0.038133
0.032132
0.029378
0.022235
0.008320
-0.008043
-0.034498
-0.056061
-0.059614
-0.061344
-0.061008
-0.062594
-0.085871
-0.115597
-0.119137
-0.105064
-0.103624
-0.095922
-0.086777
-0.083256
-0.066119
-0.043564
-0.040760
-0.039457
-0.029080
-0.030587
-0.040904
-0.048294
-0.043453
-0.018034
0.012524
0.014035
0.003136
0.029459
0.075257
0.087135
0.075495
0.072928
0.096056
0.112607
0.107426
0.112941
0.136438
0.132488
0.097817
0.107756
0.142739
0.126729
0.093360
0.079653
0.080607
0.075586
0.063213
0.029886
0.007851
0.022550
0.033531
0.010551
0.001620
-0.001378
-0.036303
-0.074250
-0.084199
-0.072990
-0.071385
-0.086942
-0.085715
-0.050020
-0.020986
-0.019680
-0.022056
-0.013946
-0.016467
-0.023244
-0.019397
-0.024357
-0.041547
-0.035525
-0.001586
0.024681
0.015637
0.006689
0.027437
0.055519
0.056041
0.049900
0.042063
0.016982
-0.007302
-0.002123
0.013663
0.001113
-0.033025
-0.047447
-0.022694
-0.006075
-0.051111
-0.101610
-0.114628
-0.104385
-0.088529
-0.086774
-0.093450
-0.061179
0.005238
0.023715
0.014852
0.034310
0.036557
0.003223
0.003416
0.032260
0.028262
0.008134
0.018190
0.028375
0.031318
0.034680
0.022344
0.008282
0.005649
0.005940
0.002895
-0.009178
-0.034065
-0.054924
-0.046668
-0.021762
-0.020402
-0.030911
-0.035538
-0.047578
-0.079759
-0.103357
-0.112701
-0.114180
-0.117235
-0.127834
-0.124779
-0.102411
-0.089335
-0.111783
-0.132284
-0.104383
-0.065693
-0.061147
-0.053997
-0.027953
-0.018302
-0.023149
0.003369
0.024718
0.018742
0.024872
0.038575
0.024482
0.002372
0.001683
-0.002431
-0.025339
-0.041196
-0.046905
-0.040674
-0.030880
-0.020443
-0.013114
-0.003940
0.001406
-0.008244
-0.035682
-0.066291
-0.081548
-0.088542
-0.100138
-0.090452
-0.059077
-0.042384
-0.045690
-0.042290
-0.035692
-0.026221
-0.003575
0.031516
0.048604
0.045441
0.052625
0.069331
0.079539
0.074836
0.064046
0.055663
0.057742
0.068643
0.062604
0.033394
0.024192
0.033017
0.021826
0.002834
0.009258
0.032558
0.032232
0.005044
-0.000061
0.011661
-0.002915
-0.032448
-0.034270
-0.008100
-0.008077
-0.040338
-0.054878
-0.041123
-0.024149
-0.021070
-0.021530
-0.019127
-0.012636
-0.007654
-0.006184
-0.009460
0.003064
0.027588
0.023402
0.017734
0.033360
0.036011
0.011172
0.019616
0.065373
0.085076
0.065470
0.051714
0.070702
0.091326
0.098415
0.106826
0.134144
0.153170
0.132552
0.112272
0.116126
0.115061
0.092255
0.070836
0.062393
0.046036
0.019936
0.001521
0.013540
0.034166
0.012987
-0.033966
-0.047027
-0.046945
-0.064043
-0.086299
-0.096389
-0.090173
-0.077440
-0.074062
-0.076661
-0.079874
-0.085281
-0.095927
-0.069678
-0.012345
0.005280
-0.007782
0.005853
0.032347
0.016746
-0.001968
0.023477
0.046892
0.029374
0.018598
0.035576
0.041241
0.031001
0.032974
0.043697
0.039785
0.026705
0.013562
0.000074
-0.012995
-0.028265
-0.036545
-0.041341
-0.060233
-0.086009
-0.095344
-0.093878
-0.112501
-0.122097
-0.107593
-0.102835
-0.111529
-0.113413
-0.115375
-0.119068
-0.107696
-0.094087
-0.083390
-0.049698
-0.022626
-0.030097
-0.036484
-0.026211
-0.025084
-0.027690
-0.024754
-0.016469
-0.011837
-0.005341
0.002866
0.011314
0.015058
0.012991
0.011711
0.002112
-0.016250
-0.019041
-0.014980
-0.018760
-0.026850
-0.013698
-0.001021
-0.001224
0.006597
0.019659
0.022315
0.023565
0.026149
0.027358
0.022566
0.026702
0.028363
0.031730
0.043213
0.051002
0.061954
0.082376
0.094735
0.094792
0.091685
0.086219
0.077597
0.072945
0.062444
0.040933
0.037890
0.044212
0.035306
0.012815
0.011391
0.019733
-0.005654
-0.043196
-0.039656
-0.012115
-0.025346
-0.063976
-0.072182
-0.060802
-0.065315
-0.081210
-0.090290
-0.093372
-0.100890
-0.109020
-0.107337
-0.112558
-0.129388
-0.133065
-0.119861
-0.103656
-0.086921
-0.074577
-0.092916
-0.108849
-0.086674
-0.054180
-0.044253
-0.048162
-0.053506
-0.040991
-0.021586
-0.010026
0.001308
0.028419
0.051118
0.053347
0.065639
0.092823
0.102291
0.105598
0.119540
0.138744
0.146183
0.146839
0.147411
0.148135
0.152972
0.161350
0.159948
0.150456
0.137537
0.117472
0.090183
0.064949
0.047019
0.029719
0.009069
-0.017334
-0.048707
-0.068815
-0.081387
-0.096925
-0.096318
-0.088544
-0.103026
-0.126214
-0.114985
-0.093737
-0.097650
-0.091726
-0.068719
-0.061084
-0.062660
-0.043816
-0.016224
0.006644
0.025266
0.038020
0.046981
0.063237
0.076342
0.074223
0.075221
0.080742
0.072251
0.054576
0.039746
0.019712
-0.001452
-0.010032
-0.018000
-0.028458
-0.027735
-0.033990
-0.073191
-0.103257
-0.095702
-0.094744
-0.119863
-0.139705
-0.144536
-0.154349
-0.148884
-0.134355
-0.139698
-0.141515
-0.115554
-0.096183
-0.098375
-0.094706
-0.076459
-0.055020
-0.024665
0.005888
0.015492
0.017963
0.032977
0.055432
0.066441
0.064925
0.073846
0.093429
0.093967
0.084689
0.096547
0.112689
0.106811
0.099473
0.102699
0.091565
0.076906
0.062723
0.039224
0.026990
0.041634
0.044917
0.024959
0.021294
0.031456
0.019631
0.006271
0.017000
0.027276
0.011301
-0.001920
-0.000589
0.007777
0.011062
0.010984
0.013902
0.025941
0.038652
0.050205
0.060592
0.066668
0.070977
0.071802
0.063942
0.062398
0.062236
0.054906
0.049559
0.054625
0.056611
0.043342
0.026306
0.012460
-0.006786
-0.028865
-0.050162
-0.056276
-0.043642
-0.046145
-0.062161
-0.063716
-0.061616
-0.076124
-0.082288
-0.066795
-0.066602
-0.086053
-0.089199
-0.078437
-0.066015
-0.050963
-0.032330
-0.010440
0.011443
0.028863
0.046636
0.066516
0.083033
0.100652
0.118714
0.131947
0.140599
0.153116
0.168352
0.181624
0.192051
0.196072
0.197263
0.191793
0.166147
0.132808
0.113255
0.098853
0.082816
0.068858
0.056097
0.039552
0.023934
0.012264
-0.002527
-0.015959
-0.026893
-0.045075
-0.054628
-0.051425
-0.055661
-0.066989
-0.067781
-0.060524
-0.057377
-0.051440
-0.039090
-0.034310
-0.031491
-0.020157
-0.008690
0.000615
0.006200
0.004667
-0.002107
-0.000866
0.009564
0.023498
0.038249
0.047271
0.047787
0.048755
0.051010
0.050308
0.045494
0.043585
0.039780
0.035189
0.031391
0.028065
0.029801
0.036412
0.042340
0.053468
0.071973
0.079366
0.072737
0.075380
0.098877
0.118161
0.116072
0.107838
0.105194
0.102203
0.095552
0.096677
0.099864
0.085864
0.064018
0.055781
0.056590
0.051367
0.035014
0.017214
0.007725
0.006534
-0.002134
-0.016893
-0.021708
-0.027115
-0.043671
-0.047502
-0.030227
-0.016705
-0.017817
-0.018873
-0.017235
-0.013596
-0.008325
-0.005680
-0.007784
-0.018861
-0.037392
-0.044028
-0.038346
-0.040052
-0.047553
-0.042924
-0.045815
-0.062663
-0.066900
-0.050117
-0.046904
-0.074882
-0.097959
-0.090335
-0.071714
-0.069603
-0.069357
-0.056130
-0.047921
-0.048179
-0.036291
-0.013035
0.005757
0.005376
-0.000336
0.008885
0.026785
0.045461
0.058841
0.065054
0.071895
0.083720
0.094470
0.096367
0.098956
0.097707
0.083509
0.073332
0.074179
0.068633
0.054648
0.042070
0.031291
0.019624
0.016479
0.015644
0.001465
-0.024271
-0.047134
-0.058997
-0.061696
-0.065699
-0.070999
-0.077565
-0.080959
-0.078415
-0.074440
-0.073415
-0.077715
-0.074896
-0.065592
-0.057470
-0.042026
-0.021216
-0.003362
0.010456
0.020891
0.027631
0.027801
0.026033
0.020324
0.011083
0.002204
-0.007100
-0.012266
-0.014558
-0.025252
-0.043258
-0.055718
-0.069154
-0.092919
-0.110337
-0.112527
-0.113794
-0.117096
-0.115446
-0.106528
-0.097307
-0.083588
-0.065643
-0.047378
-0.036010
-0.027371
-0.020093
-0.013657
0.002448
0.017655
0.018247
0.017402
0.034908
0.047896
0.035709
0.032261
0.045537
0.040557
0.024622
0.036982
0.056259
0.046793
0.031234
0.038723
0.047693
0.041336
0.031950
0.025566
0.013804
-0.002158
-0.019075
-0.035295
-0.045487
-0.048429
-0.048988
-0.048904
-0.050512
-0.051518
-0.051362
-0.060632
-0.075732
-0.074729
-0.056377
-0.053398
-0.071232
-0.092344
-0.099162
-0.097247
-0.097233
-0.110565
-0.124277
-0.122078
-0.119522
-0.120085
-0.113364
-0.103386
-0.096501
-0.093223
-0.088140
-0.073887
-0.057651
-0.059371
-0.068332
-0.053638
-0.023684
-0.009320
-0.008817
0.000232
0.012598
0.012935
0.013888
0.030519
0.046181
0.038614
0.023316
0.024608
0.030670
0.023456
0.019873
0.019355
0.005718
-0.009207
-0.003980
0.010303
0.009092
-0.003853
-0.016543
-0.028666
-0.034939
-0.034738
-0.038345
-0.049321
-0.059800
-0.066781
-0.061039
-0.050846
-0.052119
-0.068985
-0.078313
-0.074908
-0.067210
-0.058722
-0.048826
-0.047373
-0.055075
-0.055166
-0.040245
-0.034575
-0.046492
-0.057393
-0.060016
-0.063938
-0.065078
-0.055387
-0.050257
-0.058250
-0.065284
-0.065799
-0.057733
-0.052047
-0.054806
-0.053214
-0.036653
-0.015321
-0.001356
0.010231
0.023682
0.031437
0.040563
0.058686
0.073203
0.073967
0.071721
0.074812
0.083116
0.083901
0.084490
0.081591
0.072126
0.062929
0.060691
0.056871
0.044259
0.031796
0.023577
0.007394
-0.008121
-0.013969
-0.016033
-0.027703
-0.040728
-0.043349
-0.036414
-0.037262
-0.052499
-0.065986
-0.064834
-0.062932
-0.063519
-0.049771
-0.028515
-0.020554
-0.015881
0.004155
0.024687
0.030576
0.030120
0.033459
0.041059
0.048855
0.050201
0.046616
0.047916
0.042180
0.024122
0.021313
0.036501
0.029838
0.005427
0.001733
0.008347
-0.005174
-0.018578
-0.018820
-0.021547
-0.026593
-0.026015
-0.026644
-0.031791
-0.035817
-0.033944
-0.035063
-0.044785
-0.051575
-0.052347
-0.050344
-0.054741
-0.057382
-0.047216
-0.038536
-0.050385
-0.059814
-0.051645
-0.043146
-0.048603
-0.048755
-0.044195
-0.044571
-0.040278
-0.028584
-0.026700
-0.029204
-0.021175
-0.007764
-0.003585
-0.000029
0.010518
0.019427
0.018832
0.028053
0.054119
0.072955
0.076846
0.087744
0.109909
0.127380
0.140562
0.154126
0.155754
0.151492
0.155996
0.158060
0.145237
0.127728
0.113898
0.103119
0.088082
0.061065
0.037565
0.032064
0.027709
0.006277
-0.014553
-0.025451
-0.046466
-0.064248
-0.070470
-0.079284
-0.096230
-0.104006
-0.101783
-0.100062
-0.095798
-0.084050
-0.078150
-0.075080
-0.061702
-0.038534
-0.023776
-0.027375
-0.023039
-0.000746
0.018871
0.026003
0.035230
0.051788
0.062649
0.064611
0.069495
0.085160
0.103305
0.107257
0.094569
0.083069
0.080582
0.081861
0.079820
0.068638
0.051066
0.040410
0.041489
0.043444
0.037825
0.035740
0.046812
0.059463
0.062246
0.061153
0.064512
0.067051
0.067537
0.071920
0.080543
0.084182
0.078111
0.073156
0.076085
0.079377
0.076681
0.067688
0.062430
0.062484
0.060253
0.049587
0.037753
0.040314
0.041902
0.028075
0.011375
0.004906
0.003106
-0.005353
-0.013057
-0.013897
-0.015809
-0.017387
-0.014429
-0.011709
-0.012170
-0.011779
-0.005140
0.001945
0.005566
0.009561
0.012321
0.017427
0.029720
0.040969
0.041308
0.039835
0.050183
0.062268
0.068514
0.077157
0.091729
0.100870
0.101687
0.100840
0.105200
0.113455
0.120089
0.123423
0.126604
0.127864
0.123961
0.125737
0.132255
0.130374
0.124863
0.118930
0.104510
0.089234
0.083474
0.079238
0.070382
0.061534
0.051008
0.037175
0.028199
0.018149
0.001940
-0.011143
-0.018866
-0.022047
-0.023284
-0.024732
-0.029028
-0.030843
-0.032380
-0.035325
-0.027209
-0.014887
-0.010991
-0.007709
-0.002599
0.001139
0.006515
0.012096
0.011506
0.005862
-0.002861
-0.010318
-0.008816
0.000823
-0.001238
-0.006796
-0.000981
0.003466
-0.001864
-0.005942
-0.004690
-0.004912
-0.008827
-0.011509
-0.010584
-0.007162
-0.013651
-0.027443
-0.025360
-0.010271
-0.005698
-0.007096
-0.001383
-0.002844
-0.015873
-0.012556
0.005990
0.004974
-0.010056
-0.002551
0.019432
0.022665
0.011758
0.012073
0.020338
0.018538
0.012392
0.016885
0.022413
0.013425
0.002158
0.008863
0.025841
0.026531
0.015513
0.011601
0.006157
-0.006108
-0.016472
-0.022163
-0.030713
-0.041028
-0.049701
-0.056988
-0.058307
-0.060110
-0.071927
-0.078483
-0.065376
-0.057414
-0.069114
-0.075904
-0.069058
-0.062083
-0.057234
-0.051836
-0.046959
-0.042472
-0.041413
-0.038198
-0.024234
-0.009102
-0.005461
-0.005639
-0.000698
0.003202
0.002016
-0.001544
-0.008608
-0.014385
-0.013541
-0.012451
-0.010442
-0.003548
0.003734
0.007993
0.015733
0.028177
0.031338
0.017119
0.010523
0.016660
0.015097
0.002621
-0.001646
0.002307
-0.003215
-0.014120
-0.014774
-0.011344
-0.010063
-0.008879
-0.004147
0.001199
-0.000916
-0.003498
0.000816
0.004566
0.002143
0.000641
-0.004707
-0.023520
-0.039736
-0.038187
-0.039997
-0.053884
-0.065043
-0.070034
-0.074558
-0.075576
-0.076573
-0.083142
-0.087324
-0.088747
-0.095932
-0.102727
-0.105431
-0.108170
-0.108552
-0.107032
-0.103757
-0.095237
-0.087124
-0.086285
-0.083207
-0.071731
-0.065196
-0.066758
-0.060436
-0.048493
-0.042677
-0.044897
-0.046782
-0.038683
-0.025067
-0.013125
-0.001508
0.008083
0.011226
0.008626
0.012311
0.021803
0.025577
0.023396
0.020738
0.016308
0.013980
0.013004
0.010641
0.007449
0.005912
0.003246
-0.005654
-0.014999
-0.020714
-0.026118
-0.029564
-0.028657
-0.029584
-0.037239
-0.048498
-0.057622
-0.060176
-0.056040
-0.055204
-0.061487
-0.068636
-0.072460
-0.075095
-0.079034
-0.083448
-0.083132
-0.081253
-0.080828
-0.073165
-0.062429
-0.056678
-0.049446
-0.030542
-0.016860
-0.021477
-0.022110
-0.012745
-0.009800
-0.009916
-0.003657
0.002497
-0.000814
-0.004804
-0.005136
-0.008797
-0.012015
-0.013400
-0.018940
-0.024996
-0.028056
-0.031767
-0.037785
-0.042338
-0.045373
-0.048152
-0.046229
-0.044744
-0.048363
-0.049011
-0.043589
-0.037159
-0.032695
-0.032139
-0.032010
-0.031601
-0.031582
-0.033547
-0.031190
-0.022455
-0.018011
-0.023147
-0.032360
-0.040053
-0.044894
-0.052191
-0.063842
-0.071421
-0.071514
-0.071467
-0.075424
-0.074045
-0.068060
-0.067514
-0.072528
-0.071996
-0.066134
-0.065146
-0.069793
-0.071227
-0.063849
-0.052566
-0.041883
-0.037608
-0.038487
-0.033891
-0.022465
-0.009225
0.003902
0.017800
0.032446
0.043871
0.050887
0.058730
0.070066
0.078633
0.078590
0.078448
0.081053
0.083057
0.082734
0.080391
0.073037
0.064428
0.061673
0.056910
0.043499
0.028180
0.012454
-0.003233
-0.014061
-0.020184
-0.026587
-0.036687
-0.042727
-0.044865
-0.042952
-0.032681
-0.017796
-0.012089
-0.013627
-0.006624
0.012140
0.024405
0.024608
0.026551
0.034687
0.040708
0.043535
0.046672
0.047300
0.047064
0.046928
0.045941
0.047648
0.052391
0.049309
0.032606
0.023087
0.026402
0.020902
0.001703
-0.017831
-0.033319
-0.045958
-0.054942
-0.064828
-0.076364
-0.078569
-0.073327
-0.067260
-0.056638
-0.039267
-0.028649
-0.023971
-0.017490
-0.008715
-0.000767
0.004210
0.009971
0.022323
0.039408
0.048987
0.050885
0.055399
0.068331
0.080398
0.084904
0.085053
0.081698
0.075144
0.067804
0.064932
0.062624
0.053492
0.044193
0.042919
0.042031
0.035716
0.032874
0.035500
0.036823
0.036523
0.035113
0.031618
0.028998
0.037554
0.049817
0.054849
0.054707
0.061096
0.065764
0.058356
0.055228
0.064689
0.069279
0.068344
0.073873
0.075155
0.073425
0.081530
0.081031
0.074123
0.074011
0.066518
0.050334
0.038120
